Timestamp,User Count,Type,Name,Requests/s,Failures/s,50%,66%,75%,80%,90%,95%,98%,99%,99.9%,99.99%,100%,Total Request Count,Total Failure Count,Total Median Response Time,Total Average Response Time,Total Min Response Time,Total Max Response Time,Total Average Content Size
1665010096,0,,Aggregated,0.000000,0.000000,N/A,N/A,N/A,N/A,N/A,N/A,N/A,N/A,N/A,N/A,N/A,0,0,0,0,0,0,0
1665010097,10,,Aggregated,0.000000,0.000000,N/A,N/A,N/A,N/A,N/A,N/A,N/A,N/A,N/A,N/A,N/A,0,0,0,0,0,0,0
1665010098,20,,Aggregated,0.000000,0.000000,1200,1200,1200,1200,1200,1200,1200,1200,1200,1200,1200,3,0,1185.1392053067684,1024.1462451716263,710.285909473896,1185.1392053067684,40140.0
1665010099,39,,Aggregated,0.000000,0.000000,1200,1200,1200,1200,1200,1200,1200,1200,1200,1200,1200,11,0,1185.1392053067684,967.8859429603273,420.17628252506256,1185.1392053067684,40140.0
1665010100,48,,Aggregated,0.000000,0.000000,1200,1200,1200,1200,1200,1200,1200,1200,1200,1200,1200,11,0,1185.1392053067684,967.8859429603273,420.17628252506256,1185.1392053067684,40140.0
1665010101,57,,Aggregated,5.500000,0.000000,1000,1200,1200,1200,1200,1800,1800,1800,1800,1800,1800,17,0,1000.0,1010.878289666246,420.17628252506256,1825.2401798963547,40140.0
1665010102,68,,Aggregated,7.000000,0.000000,1200,1200,1400,1700,1900,1900,2400,2400,2400,2400,2400,42,0,1200.0,1224.1132428780907,398.23267981410027,2353.63707318902,40140.0
1665010103,80,,Aggregated,7.000000,0.000000,1200,1200,1400,1700,1900,1900,2400,2400,2400,2400,2400,42,0,1200.0,1224.1132428780907,398.23267981410027,2353.63707318902,40140.0
1665010104,85,,Aggregated,7.500000,0.000000,1200,1700,1900,1900,2500,3100,3200,3500,3500,3500,3500,51,0,1200.0,1493.9741856035064,398.23267981410027,3518.5855217278004,40140.0
1665010105,98,,Aggregated,8.500000,0.000000,2100,2600,3000,3000,3200,3500,3800,3800,3800,3800,3800,85,0,2100.0,2037.641914802439,398.23267981410027,3805.169068276882,40140.0
1665010106,106,,Aggregated,8.500000,0.000000,2100,2600,3000,3000,3200,3500,3800,3800,3800,3800,3800,85,0,2100.0,2037.641914802439,398.23267981410027,3805.169068276882,40140.0
1665010107,119,,Aggregated,9.666667,0.000000,2200,2800,3000,3100,3500,3800,3900,4600,4600,4600,4600,93,0,2200.0,2175.531988422717,398.23267981410027,4610.031697899103,40140.0
1665010108,122,,Aggregated,9.777778,0.000000,2700,3100,3500,3800,4200,4800,5200,5200,6500,6500,6500,119,0,2700.0,2603.934790751263,398.23267981410027,6498.055022209883,40140.0
1665010109,139,,Aggregated,9.777778,0.000000,2700,3100,3500,3800,4200,4800,5200,5200,6500,6500,6500,119,0,2700.0,2603.934790751263,398.23267981410027,6498.055022209883,40140.0
1665010110,148,,Aggregated,11.100000,0.000000,2900,3200,3700,3900,4400,4900,5200,5200,6500,6500,6500,126,0,2800.0,2700.6829717152177,398.23267981410027,6498.055022209883,40140.0
1665010111,157,,Aggregated,11.300000,0.000000,3100,3700,4000,4200,5000,5300,6200,6500,7600,7600,7600,145,0,3100.0,3016.937173491922,398.23267981410027,7575.908105820417,40140.0
1665010112,168,,Aggregated,10.700000,0.000000,3100,3900,4400,4800,5200,5600,6200,7100,7600,7600,7600,158,0,3100.0,3193.795331105401,398.23267981410027,7575.908105820417,40140.0
1665010113,177,,Aggregated,12.100000,0.000000,3200,4000,4600,4900,5300,5600,6500,7200,7600,7600,7600,165,0,3200.0,3286.4638625898147,398.23267981410027,7575.908105820417,40140.0
1665010114,188,,Aggregated,12.500000,0.000000,3700,4700,5100,5200,5800,6500,7500,8200,12000,12000,12000,192,0,3700.0,3684.590150640967,398.23267981410027,12023.00750091672,40140.0
1665010115,193,,Aggregated,12.800000,0.000000,3900,4800,5200,5300,5900,6500,7200,7600,12000,12000,12000,202,0,3800.0,3775.9971700719384,398.23267981410027,12023.00750091672,40140.0
1665010116,208,,Aggregated,12.500000,0.000000,4000,4900,5200,5500,6000,6900,7500,7600,12000,12000,12000,213,0,4000.0,3877.3567401957066,398.23267981410027,12023.00750091672,40140.0
1665010117,214,,Aggregated,12.500000,0.000000,4200,5000,5300,5600,6200,7300,8200,9600,12000,12000,12000,228,0,4200.0,4070.7098330093318,398.23267981410027,12247.272994369268,40140.0
1665010118,226,,Aggregated,13.200000,0.000000,4500,5200,5500,5700,6400,7400,8200,11000,12000,12000,12000,252,0,4500.0,4251.270825442459,398.23267981410027,12247.272994369268,40140.0
1665010119,234,,Aggregated,13.200000,0.000000,4500,5200,5500,5700,6400,7400,8200,11000,12000,12000,12000,252,0,4500.0,4251.270825442459,398.23267981410027,12247.272994369268,40140.0
1665010120,246,,Aggregated,13.500000,0.000000,4800,5300,5600,5900,6700,7600,11000,14000,15000,15000,15000,273,0,4800.0,4481.956194704159,398.23267981410027,15169.680625200272,40140.0
1665010121,254,,Aggregated,14.100000,0.000000,4900,5500,5900,6100,7300,8000,12000,14000,16000,16000,16000,303,0,4900.0,4761.651337736904,398.23267981410027,15629.836175590754,40140.0
1665010122,267,,Aggregated,14.100000,0.000000,4900,5500,5900,6100,7300,8000,12000,14000,16000,16000,16000,303,0,4900.0,4761.651337736904,398.23267981410027,15629.836175590754,40140.0
1665010123,276,,Aggregated,14.300000,0.000000,5100,5600,6000,6200,7400,8700,14000,15000,17000,17000,17000,325,0,5100.0,4907.620688447585,398.23267981410027,17323.028285056353,40140.0
1665010124,288,,Aggregated,15.500000,0.000000,5200,5700,6100,6500,7500,9000,14000,15000,17000,17000,17000,350,0,5200.0,5060.653376408985,398.23267981410027,17323.028285056353,40140.0
1665010125,291,,Aggregated,15.500000,0.000000,5200,5700,6100,6500,7500,9000,14000,15000,17000,17000,17000,350,0,5200.0,5060.653376408985,398.23267981410027,17323.028285056353,40140.0
1665010126,307,,Aggregated,15.500000,0.000000,5300,5800,6200,6600,7600,9200,14000,17000,19000,19000,19000,366,0,5300.0,5197.0880108839665,398.23267981410027,18663.752038031816,40140.0
1665010127,316,,Aggregated,15.100000,0.000000,5300,5900,6500,6800,7700,9700,17000,18000,20000,20000,20000,388,0,5300.0,5439.079572475448,398.23267981410027,19835.72632819414,40140.0
1665010128,325,,Aggregated,15.100000,0.000000,5300,5900,6500,6800,7700,9700,17000,18000,20000,20000,20000,388,0,5300.0,5439.079572475448,398.23267981410027,19835.72632819414,40140.0
1665010129,337,,Aggregated,14.400000,0.000000,5400,6000,6500,7000,7900,11000,16000,18000,20000,20000,20000,409,0,5400.0,5530.175502277674,398.23267981410027,19835.72632819414,40140.0
1665010130,345,,Aggregated,15.100000,0.000000,5500,6200,6700,7200,8200,12000,17000,19000,22000,22000,22000,443,0,5500.0,5767.498436079069,398.23267981410027,22261.349607259035,40140.0
1665010131,355,,Aggregated,15.100000,0.000000,5500,6200,6700,7200,8200,12000,17000,19000,22000,22000,22000,443,0,5500.0,5767.498436079069,398.23267981410027,22261.349607259035,40140.0
1665010132,366,,Aggregated,15.500000,0.000000,5500,6200,6800,7300,8500,12000,17000,19000,24000,24000,24000,457,0,5500.0,5842.684803877018,398.23267981410027,23549.576684832573,40140.0
1665010133,374,,Aggregated,15.800000,0.000000,5600,6300,6900,7400,9000,14000,18000,20000,24000,24000,24000,476,0,5600.0,5976.519143897571,398.23267981410027,23650.05135536194,40140.0
1665010134,388,,Aggregated,15.100000,0.000000,5600,6300,7000,7500,9300,14000,19000,22000,24000,24000,24000,492,0,5600.0,6121.274372131177,398.23267981410027,23986.513562500477,40140.0
1665010135,395,,Aggregated,15.100000,0.000000,5600,6400,7000,7500,9400,15000,21000,24000,27000,27000,27000,500,0,5600.0,6241.353183016181,398.23267981410027,26640.76379314065,40140.0
1665010136,407,,Aggregated,15.000000,0.000000,5700,6400,7200,7600,9700,16000,22000,24000,27000,27000,27000,516,0,5700.0,6405.219247376965,398.23267981410027,26640.76379314065,40140.0
1665010137,415,,Aggregated,15.500000,0.000000,5700,6500,7300,7600,10000,16000,24000,25000,27000,27000,27000,529,0,5700.0,6514.432481991827,398.23267981410027,26640.76379314065,40140.0
1665010138,423,,Aggregated,15.000000,0.000000,5800,6600,7300,7700,10000,16000,24000,25000,27000,27000,27000,539,0,5800.0,6532.211364255544,398.23267981410027,26640.76379314065,40140.0
1665010139,436,,Aggregated,15.100000,0.000000,5900,6700,7400,7700,10000,17000,24000,26000,29000,29000,29000,565,0,5900.0,6685.061350530756,398.23267981410027,28983.529843389988,40140.0
1665010140,447,,Aggregated,15.500000,0.000000,5900,6800,7400,7700,10000,17000,24000,26000,29000,29000,29000,581,0,5900.0,6768.068592649165,398.23267981410027,28983.529843389988,40140.0
1665010141,453,,Aggregated,15.100000,0.000000,6000,6800,7500,7800,11000,18000,26000,27000,29000,29000,29000,591,0,6000.0,6928.558939919758,398.23267981410027,29267.069425433874,40140.0
1665010142,466,,Aggregated,15.400000,0.000000,6000,6800,7500,7900,11000,19000,26000,28000,29000,29000,29000,607,0,6000.0,7095.2707463645265,398.23267981410027,29267.069425433874,40140.0
1665010143,477,,Aggregated,14.300000,0.000000,6000,6900,7500,8000,11000,19000,27000,29000,32000,32000,32000,621,0,6000.0,7173.90138960043,398.23267981410027,31700.81076398492,40140.0
1665010144,488,,Aggregated,15.000000,0.000000,6100,6900,7600,8000,12000,21000,27000,29000,32000,32000,32000,628,0,6100.0,7248.57657045648,398.23267981410027,31700.81076398492,40140.0
1665010145,496,,Aggregated,13.800000,0.000000,6100,7000,7700,8200,13000,24000,29000,29000,33000,33000,33000,639,0,6100.0,7457.463741535686,398.23267981410027,32596.104998141527,40140.0
1665010146,500,,Aggregated,13.800000,0.000000,6100,7000,7700,8200,13000,24000,29000,30000,33000,33000,33000,646,0,6100.0,7501.023696228031,398.23267981410027,32596.104998141527,40140.0
1665010147,500,,Aggregated,12.900000,0.000000,6200,7000,7700,8400,13000,24000,29000,30000,33000,33000,33000,650,0,6200.0,7546.523941084743,398.23267981410027,32925.00101402402,40140.0
1665010148,500,,Aggregated,12.900000,0.000000,6200,7200,7800,8600,14000,24000,29000,32000,33000,33000,33000,669,0,6200.0,7748.915676072084,398.23267981410027,32925.00101402402,40140.0
1665010149,500,,Aggregated,11.900000,0.000000,6200,7300,7900,8800,15000,26000,30000,33000,34000,34000,34000,676,0,6200.0,7917.02189760492,398.23267981410027,34046.777594834566,40140.0
1665010150,500,,Aggregated,11.500000,0.000000,6300,7300,8000,9000,15000,26000,32000,33000,34000,34000,34000,688,0,6300.0,8082.187660715304,398.23267981410027,34046.777594834566,40140.0
1665010151,500,,Aggregated,11.800000,0.000000,6400,7400,8300,9300,17000,28000,33000,33000,36000,36000,36000,704,0,6300.0,8374.932036989114,398.23267981410027,35839.140214025974,40140.0
1665010152,500,,Aggregated,11.400000,0.000000,6400,7500,8700,9600,18000,30000,34000,35000,37000,37000,37000,722,0,6400.0,8771.925706638234,398.23267981410027,37036.44749894738,40140.0
1665010153,500,,Aggregated,11.400000,0.000000,6400,7500,8800,9700,19000,30000,34000,35000,37000,37000,37000,725,0,6400.0,8880.782795563853,398.23267981410027,37036.44749894738,40140.0
1665010154,500,,Aggregated,10.400000,0.000000,6400,7600,9000,10000,24000,33000,35000,35000,37000,37000,37000,739,0,6400.0,9263.404061183515,398.23267981410027,37036.44749894738,40140.0
1665010155,500,,Aggregated,11.800000,0.000000,6500,7700,9300,11000,25000,33000,35000,36000,37000,37000,37000,753,0,6500.0,9494.8396534915,398.23267981410027,37036.44749894738,40140.0
1665010156,500,,Aggregated,11.800000,0.000000,6600,7700,9300,11000,26000,33000,35000,36000,37000,37000,37000,759,0,6600.0,9654.841390091126,398.23267981410027,37036.44749894738,40140.0
1665010157,500,,Aggregated,11.000000,0.000000,6600,7900,9700,12000,26000,34000,36000,36000,37000,37000,37000,773,0,6600.0,9910.462471021563,398.23267981410027,37036.44749894738,40140.0
1665010158,500,,Aggregated,11.000000,0.000000,6700,8000,9900,13000,27000,34000,36000,37000,39000,39000,39000,781,0,6700.0,10095.789288121745,398.23267981410027,39062.16090172529,40140.0
1665010159,500,,Aggregated,11.000000,0.000000,6800,8300,11000,14000,29000,35000,36000,37000,40000,40000,40000,803,0,6800.0,10563.336694703563,398.23267981410027,39572.28871807456,40140.0
1665010160,500,,Aggregated,12.500000,0.000000,6800,8700,12000,16000,32000,36000,37000,37000,40000,40000,40000,820,0,6800.0,11018.115566907132,398.23267981410027,39572.28871807456,40140.0
1665010161,500,,Aggregated,12.600000,0.000000,6900,8800,12000,16000,32000,36000,37000,37000,40000,40000,40000,824,0,6900.0,11096.676284469917,398.23267981410027,39572.28871807456,40140.0
1665010162,500,,Aggregated,12.000000,0.000000,7000,9000,14000,17000,33000,36000,37000,39000,40000,40000,40000,845,0,7000.0,11594.958438909442,398.23267981410027,39572.28871807456,40140.0
1665010163,500,,Aggregated,12.200000,0.000000,7000,9300,14000,18000,34000,37000,38000,39000,40000,40000,40000,855,0,7000.0,11857.182168655576,398.23267981410027,39572.28871807456,40140.0
1665010164,500,,Aggregated,12.000000,0.000000,7100,9400,15000,19000,35000,37000,38000,39000,41000,41000,41000,864,0,7100.0,12135.15230643356,398.23267981410027,41144.131019711494,40140.0
1665010165,500,,Aggregated,12.000000,0.000000,7200,9800,16000,21000,35000,37000,39000,39000,41000,41000,41000,882,0,7200.0,12558.438539859795,398.23267981410027,41144.131019711494,40140.0
1665010166,500,,Aggregated,12.400000,0.000000,7300,11000,17000,24000,36000,37000,39000,39000,41000,41000,41000,899,0,7300.0,12928.516735821067,398.23267981410027,41144.131019711494,40140.0
1665010167,500,,Aggregated,14.000000,0.000000,7300,11000,18000,24000,36000,38000,39000,39000,41000,41000,41000,908,0,7300.0,13161.98450592367,398.23267981410027,41144.131019711494,40140.0
1665010168,500,,Aggregated,13.800000,0.000000,7400,12000,19000,26000,37000,38000,39000,39000,41000,41000,41000,923,0,7400.0,13504.542566642149,398.23267981410027,41144.131019711494,40140.0
1665010169,500,,Aggregated,13.100000,0.000000,7500,13000,21000,29000,37000,38000,39000,40000,41000,41000,41000,946,0,7500.0,13994.014481878023,398.23267981410027,41144.131019711494,40140.0
1665010170,500,,Aggregated,13.200000,0.000000,7500,13000,22000,30000,37000,38000,39000,40000,43000,43000,43000,958,0,7500.0,14256.070376492431,398.23267981410027,43213.92026171088,40140.0
1665010171,500,,Aggregated,13.800000,0.000000,7600,14000,23000,32000,37000,38000,39000,40000,44000,44000,44000,972,0,7600.0,14591.25568051995,398.23267981410027,43556.32968619466,40140.0
1665010172,500,,Aggregated,13.800000,0.000000,7700,15000,24000,33000,37000,39000,39000,41000,44000,44000,44000,982,0,7700.0,14803.472855555125,398.23267981410027,44139.44423943758,40140.0
1665010173,500,,Aggregated,14.200000,0.000000,7700,15000,25000,34000,37000,39000,39000,41000,44000,44000,44000,995,0,7700.0,15072.412710561974,398.23267981410027,44139.44423943758,40140.0
1665010174,500,,Aggregated,15.000000,0.000000,7900,17000,28000,35000,38000,39000,40000,41000,44000,44000,44000,1011,0,7900.0,15419.457091886317,398.23267981410027,44139.44423943758,40140.0
1665010175,500,,Aggregated,14.000000,0.000000,8000,17000,29000,35000,38000,39000,40000,41000,44000,44000,44000,1026,0,8000.0,15694.25268364856,398.23267981410027,44139.44423943758,40140.0
1665010176,500,,Aggregated,15.000000,0.000000,8100,18000,30000,35000,38000,39000,40000,41000,44000,44000,44000,1044,0,8100.0,16016.971362918845,398.23267981410027,44139.44423943758,40140.0
1665010177,500,,Aggregated,14.000000,0.000000,8300,19000,32000,36000,38000,39000,40000,42000,44000,44000,44000,1059,0,8300.0,16291.184899464912,398.23267981410027,44139.44423943758,40140.0
1665010178,500,,Aggregated,14.000000,0.000000,8300,20000,32000,36000,38000,39000,40000,42000,44000,44000,44000,1063,0,8300.0,16356.499432325923,398.23267981410027,44139.44423943758,40140.0
1665010179,500,,Aggregated,14.600000,0.000000,8700,21000,33000,36000,38000,39000,41000,42000,44000,44000,44000,1082,0,8600.0,16710.589704911145,398.23267981410027,44139.44423943758,40140.0
1665010180,500,,Aggregated,14.000000,0.000000,8800,22000,33000,36000,38000,39000,41000,42000,44000,44000,44000,1091,0,8800.0,16852.57486144711,398.23267981410027,44139.44423943758,40140.0
1665010181,500,,Aggregated,13.500000,0.000000,9000,23000,34000,36000,38000,39000,41000,42000,44000,45000,45000,1108,0,9000.0,17177.153279661918,398.23267981410027,45073.71957600117,40140.0
1665010182,500,,Aggregated,13.700000,0.000000,9200,24000,35000,36000,38000,39000,41000,42000,45000,48000,48000,1127,0,9200.0,17513.31880838406,398.23267981410027,47930.2362985909,40140.0
1665010183,500,,Aggregated,13.500000,0.000000,9400,25000,35000,37000,38000,39000,42000,43000,46000,48000,48000,1143,0,9400.0,17810.46179758934,398.23267981410027,47930.2362985909,40140.0
1665010184,500,,Aggregated,13.600000,0.000000,9600,26000,35000,37000,38000,40000,42000,43000,46000,48000,48000,1150,0,9500.0,17934.369670897722,398.23267981410027,47930.2362985909,40140.0
1665010185,500,,Aggregated,13.500000,0.000000,10000,27000,36000,37000,39000,40000,42000,43000,46000,48000,48000,1174,0,10000.0,18340.298548109156,398.23267981410027,47930.2362985909,40140.0
1665010186,500,,Aggregated,13.500000,0.000000,11000,28000,36000,37000,39000,40000,42000,43000,46000,48000,48000,1185,0,11000.0,18521.598224558784,398.23267981410027,47930.2362985909,40140.0
1665010187,500,,Aggregated,13.900000,0.000000,11000,28000,36000,37000,39000,40000,42000,43000,46000,48000,48000,1191,0,11000.0,18627.359204332082,398.23267981410027,47930.2362985909,40140.0
1665010188,500,,Aggregated,13.500000,0.000000,11000,29000,36000,37000,39000,41000,43000,44000,46000,48000,48000,1211,0,11000.0,18904.12225747753,398.23267981410027,47930.2362985909,40140.0
1665010189,500,,Aggregated,13.500000,0.000000,12000,30000,36000,37000,39000,41000,43000,44000,47000,48000,48000,1226,0,12000.0,19127.385110219067,398.23267981410027,47930.2362985909,40140.0
1665010190,500,,Aggregated,14.800000,0.000000,12000,30000,36000,37000,39000,41000,43000,44000,47000,48000,48000,1233,0,12000.0,19230.202034780483,398.23267981410027,47930.2362985909,40140.0
1665010191,500,,Aggregated,13.700000,0.000000,13000,31000,36000,37000,39000,41000,43000,44000,47000,48000,48000,1246,0,13000.0,19394.96912510638,398.23267981410027,47930.2362985909,40140.0
1665010192,500,,Aggregated,13.900000,0.000000,13000,32000,36000,37000,39000,41000,43000,45000,47000,48000,48000,1265,0,13000.0,19637.903991762712,398.23267981410027,47930.2362985909,40140.0
1665010193,500,,Aggregated,13.900000,0.000000,14000,32000,36000,37000,39000,41000,43000,45000,47000,48000,48000,1267,0,14000.0,19659.62457856209,398.23267981410027,47930.2362985909,40140.0
1665010194,500,,Aggregated,13.400000,0.000000,15000,32000,36000,37000,39000,41000,43000,45000,47000,48000,48000,1290,0,14000.0,19918.291424850162,398.23267981410027,47930.2362985909,40140.0
1665010195,500,,Aggregated,13.500000,0.000000,15000,33000,36000,37000,39000,41000,43000,45000,48000,49000,49000,1310,0,15000.0,20140.282166228837,398.23267981410027,49288.78615424037,40140.0
1665010196,500,,Aggregated,13.500000,0.000000,15000,33000,36000,37000,39000,41000,43000,45000,48000,49000,49000,1314,0,15000.0,20189.62382123192,398.23267981410027,49288.78615424037,40140.0
1665010197,500,,Aggregated,13.800000,0.000000,17000,33000,36000,37000,39000,41000,43000,45000,48000,49000,49000,1336,0,17000.0,20421.42543077335,398.23267981410027,49288.78615424037,40140.0
1665010198,500,,Aggregated,13.800000,0.000000,17000,33000,36000,37000,39000,41000,43000,45000,48000,49000,49000,1352,0,17000.0,20602.206628017415,398.23267981410027,49288.78615424037,40140.0
1665010199,500,,Aggregated,13.600000,0.000000,17000,33000,36000,37000,39000,41000,43000,45000,48000,49000,49000,1356,0,17000.0,20638.28880507444,398.23267981410027,49288.78615424037,40140.0
1665010200,500,,Aggregated,13.500000,0.000000,18000,33000,36000,37000,39000,41000,43000,45000,48000,49000,49000,1368,0,18000.0,20749.015071881357,398.23267981410027,49288.78615424037,40140.0
1665010201,500,,Aggregated,14.200000,0.000000,19000,33000,36000,37000,39000,41000,44000,45000,48000,49000,49000,1393,0,19000.0,20999.306036222242,398.23267981410027,49288.78615424037,40140.0
1665010202,500,,Aggregated,14.300000,0.000000,20000,33000,36000,37000,39000,41000,44000,45000,48000,49000,49000,1401,0,20000.0,21078.57443179555,398.23267981410027,49288.78615424037,40140.0
1665010203,500,,Aggregated,13.900000,0.000000,20000,33000,36000,37000,39000,41000,44000,45000,48000,49000,49000,1418,0,20000.0,21227.69603375687,398.23267981410027,49288.78615424037,40140.0
1665010204,500,,Aggregated,14.100000,0.000000,21000,33000,36000,37000,39000,41000,44000,45000,48000,49000,49000,1432,0,21000.0,21339.96880375494,398.23267981410027,49288.78615424037,40140.0
1665010205,500,,Aggregated,14.100000,0.000000,22000,33000,36000,37000,39000,41000,44000,45000,48000,49000,49000,1440,0,22000.0,21418.269877606588,398.23267981410027,49288.78615424037,40140.0
1665010206,500,,Aggregated,13.800000,0.000000,23000,33000,36000,37000,39000,41000,44000,45000,48000,49000,49000,1458,0,23000.0,21559.43592057521,398.23267981410027,49288.78615424037,40140.0
1665010207,500,,Aggregated,14.500000,0.000000,24000,33000,36000,37000,39000,41000,44000,45000,48000,49000,49000,1474,0,24000.0,21712.9755899022,398.23267981410027,49288.78615424037,40140.0
1665010208,500,,Aggregated,13.700000,0.000000,24000,33000,36000,37000,39000,41000,44000,45000,48000,49000,49000,1484,0,24000.0,21785.798512477017,398.23267981410027,49288.78615424037,40140.0
1665010209,500,,Aggregated,14.400000,0.000000,25000,33000,36000,37000,39000,41000,44000,45000,48000,49000,49000,1494,0,25000.0,21865.444900640043,398.23267981410027,49288.78615424037,40140.0
1665010210,500,,Aggregated,13.700000,0.000000,26000,34000,36000,37000,39000,41000,44000,45000,48000,49000,49000,1516,0,26000.0,22056.96184211472,398.23267981410027,49288.78615424037,40140.0
1665010211,500,,Aggregated,13.700000,0.000000,26000,34000,36000,37000,39000,41000,44000,45000,48000,49000,49000,1522,0,26000.0,22102.177157608912,398.23267981410027,49288.78615424037,40140.0
1665010212,500,,Aggregated,13.900000,0.000000,26000,34000,36000,37000,39000,42000,44000,45000,48000,49000,49000,1533,0,26000.0,22205.397936061694,398.23267981410027,49288.78615424037,40140.0
1665010213,500,,Aggregated,14.000000,0.000000,28000,34000,36000,37000,39000,42000,44000,46000,49000,49000,49000,1557,0,28000.0,22416.24608975174,398.23267981410027,49288.78615424037,40140.0
1665010214,500,,Aggregated,14.000000,0.000000,28000,34000,36000,37000,39000,42000,44000,46000,49000,49000,49000,1565,0,28000.0,22480.573490666695,398.23267981410027,49288.78615424037,40140.0
1665010215,500,,Aggregated,13.300000,0.000000,28000,34000,36000,37000,39000,42000,44000,46000,49000,49000,49000,1578,0,28000.0,22576.184323364432,398.23267981410027,49288.78615424037,40140.0
1665010216,500,,Aggregated,13.200000,0.000000,29000,34000,36000,37000,39000,42000,44000,46000,49000,49000,49000,1595,0,29000.0,22713.640648540004,398.23267981410027,49288.78615424037,40140.0
1665010217,500,,Aggregated,13.400000,0.000000,29000,34000,36000,37000,39000,42000,44000,46000,49000,49000,49000,1604,0,29000.0,22777.774028928296,398.23267981410027,49288.78615424037,40140.0
1665010218,500,,Aggregated,13.600000,0.000000,29000,34000,36000,37000,39000,42000,44000,46000,49000,50000,50000,1619,0,29000.0,22890.845271332477,398.23267981410027,50299.66286569834,40140.0
1665010219,500,,Aggregated,13.800000,0.000000,29000,34000,36000,37000,39000,42000,44000,46000,49000,50000,50000,1639,0,29000.0,23030.692436667006,398.23267981410027,50299.66286569834,40140.0
1665010220,500,,Aggregated,13.700000,0.000000,29000,34000,36000,37000,39000,42000,44000,46000,49000,50000,50000,1651,0,29000.0,23119.665585131104,398.23267981410027,50299.66286569834,40140.0
1665010221,500,,Aggregated,14.100000,0.000000,29000,34000,36000,37000,39000,42000,44000,46000,49000,50000,50000,1661,0,29000.0,23185.069284160174,398.23267981410027,50299.66286569834,40140.0
1665010222,500,,Aggregated,13.300000,0.000000,29000,34000,36000,37000,39000,42000,44000,46000,49000,50000,50000,1672,0,29000.0,23257.858429529646,398.23267981410027,50299.66286569834,40140.0
1665010223,500,,Aggregated,13.200000,0.000000,29000,34000,36000,37000,39000,42000,45000,46000,49000,50000,50000,1691,0,29000.0,23382.75405189374,398.23267981410027,50299.66286569834,40140.0
1665010224,500,,Aggregated,13.300000,0.000000,29000,34000,37000,37000,39000,42000,44000,46000,49000,50000,50000,1704,0,29000.0,23480.2824965101,398.23267981410027,50299.66286569834,40140.0
1665010225,500,,Aggregated,13.300000,0.000000,29000,34000,37000,37000,40000,42000,44000,46000,49000,50000,50000,1716,0,29000.0,23557.153361209068,398.23267981410027,50299.66286569834,40140.0
1665010226,500,,Aggregated,13.200000,0.000000,30000,34000,37000,37000,40000,42000,45000,46000,49000,50000,50000,1737,0,30000.0,23680.969661139232,398.23267981410027,50299.66286569834,40140.0
1665010227,500,,Aggregated,13.200000,0.000000,30000,34000,37000,37000,40000,42000,45000,46000,49000,50000,50000,1743,0,30000.0,23724.089602691325,398.23267981410027,50299.66286569834,40140.0
1665010228,500,,Aggregated,14.000000,0.000000,30000,34000,37000,37000,40000,42000,45000,46000,49000,50000,50000,1751,0,30000.0,23760.523257182453,398.23267981410027,50299.66286569834,40140.0
1665010229,500,,Aggregated,13.200000,0.000000,30000,34000,37000,37000,40000,42000,45000,46000,49000,50000,50000,1768,0,30000.0,23879.362673464977,398.23267981410027,50299.66286569834,40140.0
1665010230,500,,Aggregated,13.600000,0.000000,30000,34000,37000,37000,40000,42000,45000,46000,49000,50000,50000,1786,0,30000.0,24000.046867681176,398.23267981410027,50299.66286569834,40140.0
1665010231,500,,Aggregated,13.100000,0.000000,30000,34000,37000,37000,40000,42000,45000,46000,49000,50000,50000,1799,0,30000.0,24071.909843916575,398.23267981410027,50299.66286569834,40140.0
1665010232,500,,Aggregated,13.500000,0.000000,30000,34000,37000,37000,40000,42000,45000,46000,49000,50000,50000,1816,0,30000.0,24169.287130415094,398.23267981410027,50299.66286569834,40140.0
1665010233,500,,Aggregated,13.500000,0.000000,30000,34000,37000,37000,40000,43000,45000,46000,49000,50000,50000,1828,0,30000.0,24248.076031322813,398.23267981410027,50299.66286569834,40140.0
1665010234,500,,Aggregated,13.700000,0.000000,30000,34000,37000,37000,40000,42000,45000,46000,49000,50000,50000,1841,0,30000.0,24316.100013053318,398.23267981410027,50299.66286569834,40140.0
1665010235,500,,Aggregated,13.500000,0.000000,30000,34000,37000,37000,40000,43000,45000,46000,49000,50000,50000,1861,0,30000.0,24437.09476952116,398.23267981410027,50299.66286569834,40140.0
1665010236,500,,Aggregated,13.500000,0.000000,30000,34000,37000,37000,40000,43000,45000,46000,49000,50000,50000,1872,0,30000.0,24502.84058571212,398.23267981410027,50299.66286569834,40140.0
1665010237,500,,Aggregated,13.800000,0.000000,30000,34000,37000,37000,40000,43000,45000,46000,49000,50000,50000,1877,0,30000.0,24529.854529792792,398.23267981410027,50299.66286569834,40140.0
1665010238,500,,Aggregated,13.800000,0.000000,30000,34000,37000,38000,40000,43000,45000,46000,49000,50000,50000,1895,0,30000.0,24621.171364201957,398.23267981410027,50299.66286569834,40140.0
1665010239,500,,Aggregated,13.900000,0.000000,30000,34000,37000,38000,40000,43000,45000,46000,49000,50000,50000,1907,0,30000.0,24682.5148537755,398.23267981410027,50299.66286569834,40140.0
1665010240,500,,Aggregated,13.900000,0.000000,30000,34000,37000,38000,40000,43000,45000,46000,50000,51000,51000,1913,0,30000.0,24723.391549314154,398.23267981410027,50656.75141662359,40140.0
1665010241,500,,Aggregated,14.100000,0.000000,30000,34000,37000,38000,40000,43000,45000,46000,50000,51000,51000,1941,0,30000.0,24863.438502015495,398.23267981410027,50656.75141662359,40140.0
1665010242,500,,Aggregated,14.100000,0.000000,30000,34000,37000,38000,40000,43000,45000,46000,50000,51000,51000,1947,0,30000.0,24895.175082018788,398.23267981410027,50656.75141662359,40140.0
1665010243,500,,Aggregated,13.600000,0.000000,30000,34000,37000,38000,40000,43000,45000,46000,50000,51000,51000,1951,0,30000.0,24910.30290906152,398.23267981410027,50656.75141662359,40140.0
1665010244,500,,Aggregated,13.800000,0.000000,31000,34000,37000,38000,40000,43000,45000,46000,50000,51000,51000,1979,0,31000.0,25058.926051536208,398.23267981410027,50656.75141662359,40140.0
1665010245,500,,Aggregated,13.600000,0.000000,31000,34000,37000,38000,40000,43000,45000,47000,51000,51000,51000,1990,0,31000.0,25108.786532642254,398.23267981410027,51451.04878395796,40140.0
1665010246,500,,Aggregated,13.600000,0.000000,31000,34000,37000,38000,40000,43000,45000,47000,51000,51000,51000,1996,0,31000.0,25143.331569466434,398.23267981410027,51451.04878395796,40140.0
1665010247,500,,Aggregated,13.800000,0.000000,31000,34000,37000,38000,40000,43000,45000,47000,50000,51000,51000,2020,0,31000.0,25235.848951762044,398.23267981410027,51451.04878395796,40140.0
1665010248,500,,Aggregated,13.200000,0.000000,31000,34000,37000,38000,41000,43000,45000,47000,51000,54000,54000,2035,0,31000.0,25335.8349911356,398.23267981410027,53520.72098851204,40140.0
1665010249,500,,Aggregated,13.800000,0.000000,31000,34000,37000,38000,41000,43000,45000,47000,51000,54000,54000,2037,0,31000.0,25341.232070475304,398.23267981410027,53520.72098851204,40140.0
1665010250,500,,Aggregated,13.400000,0.000000,31000,34000,37000,38000,41000,43000,45000,47000,51000,54000,54000,2061,0,31000.0,25459.028761239235,398.23267981410027,53520.72098851204,40140.0
1665010251,500,,Aggregated,13.000000,0.000000,31000,34000,37000,38000,41000,43000,45000,47000,51000,54000,54000,2072,0,31000.0,25520.548508416243,398.23267981410027,53520.72098851204,40140.0
1665010252,500,,Aggregated,13.100000,0.000000,31000,35000,37000,38000,41000,43000,45000,47000,51000,54000,54000,2077,0,31000.0,25546.928413644557,398.23267981410027,53520.72098851204,40140.0
1665010253,500,,Aggregated,13.400000,0.000000,31000,34000,37000,38000,41000,43000,46000,47000,51000,54000,54000,2099,0,31000.0,25630.504995779716,398.23267981410027,53520.72098851204,40140.0
1665010254,500,,Aggregated,13.400000,0.000000,31000,35000,37000,38000,41000,43000,46000,47000,51000,54000,54000,2113,0,31000.0,25707.938199675074,398.23267981410027,53520.72098851204,40140.0
1665010255,500,,Aggregated,13.400000,0.000000,31000,35000,37000,38000,41000,43000,46000,47000,51000,54000,54000,2117,0,31000.0,25724.855004148587,398.23267981410027,53520.72098851204,40140.0
1665010256,500,,Aggregated,13.000000,0.000000,31000,35000,37000,38000,41000,43000,46000,48000,52000,54000,54000,2134,0,31000.0,25797.406527164,398.23267981410027,53520.72098851204,40140.0
1665010257,500,,Aggregated,13.300000,0.000000,31000,35000,37000,38000,41000,43000,46000,48000,52000,54000,54000,2155,0,31000.0,25904.86587510723,398.23267981410027,53520.72098851204,40140.0
1665010258,500,,Aggregated,13.300000,0.000000,31000,35000,37000,38000,41000,43000,46000,48000,52000,54000,54000,2159,0,31000.0,25925.278344742466,398.23267981410027,53520.72098851204,40140.0
1665010259,500,,Aggregated,13.300000,0.000000,31000,35000,37000,38000,41000,44000,46000,48000,52000,54000,54000,2174,0,31000.0,26002.121856927926,398.23267981410027,53520.72098851204,40140.0
1665010260,500,,Aggregated,13.400000,0.000000,31000,35000,37000,38000,41000,44000,46000,48000,52000,54000,54000,2199,0,31000.0,26107.06181237546,398.23267981410027,53520.72098851204,40140.0
1665010261,500,,Aggregated,13.600000,0.000000,31000,35000,37000,38000,41000,44000,46000,48000,53000,54000,54000,2204,0,31000.0,26132.8138230071,398.23267981410027,53865.057442337275,40140.0
1665010262,500,,Aggregated,13.700000,0.000000,31000,35000,37000,38000,41000,44000,46000,48000,53000,54000,54000,2219,0,31000.0,26197.40519143134,398.23267981410027,53865.057442337275,40140.0
1665010263,500,,Aggregated,13.400000,0.000000,31000,35000,37000,38000,41000,44000,46000,48000,53000,54000,54000,2238,0,31000.0,26268.56673332439,398.23267981410027,53865.057442337275,40140.0
1665010264,500,,Aggregated,13.400000,0.000000,31000,35000,37000,38000,41000,44000,46000,48000,53000,54000,54000,2241,0,31000.0,26281.61243077522,398.23267981410027,53865.057442337275,40140.0
1665010265,500,,Aggregated,13.600000,0.000000,31000,35000,37000,38000,41000,44000,46000,48000,53000,54000,54000,2262,0,31000.0,26360.334479784433,398.23267981410027,53865.057442337275,40140.0
1665010266,500,,Aggregated,13.700000,0.000000,31000,35000,37000,38000,41000,44000,46000,48000,53000,54000,54000,2282,0,31000.0,26449.50896327357,398.23267981410027,53865.057442337275,40140.0
1665010267,500,,Aggregated,13.700000,0.000000,31000,35000,37000,38000,41000,44000,47000,49000,53000,54000,54000,2290,0,31000.0,26480.81391625204,398.23267981410027,53865.057442337275,40140.0
1665010268,500,,Aggregated,13.500000,0.000000,31000,35000,37000,38000,41000,44000,47000,48000,53000,54000,54000,2302,0,31000.0,26551.547021743438,398.23267981410027,53865.057442337275,40140.0
1665010269,500,,Aggregated,13.900000,0.000000,31000,35000,37000,38000,41000,44000,47000,49000,53000,54000,54000,2325,0,31000.0,26630.616488890944,398.23267981410027,53865.057442337275,40140.0
1665010270,500,,Aggregated,13.900000,0.000000,31000,35000,37000,38000,41000,44000,47000,49000,53000,54000,54000,2327,0,31000.0,26639.89490429904,398.23267981410027,53865.057442337275,40140.0
1665010271,500,,Aggregated,13.300000,0.000000,31000,35000,37000,38000,41000,44000,47000,49000,53000,54000,54000,2344,0,31000.0,26705.488008480366,398.23267981410027,53865.057442337275,40140.0
1665010272,500,,Aggregated,13.600000,0.000000,31000,35000,37000,38000,41000,44000,47000,49000,53000,54000,54000,2364,0,31000.0,26780.6644354523,398.23267981410027,53865.057442337275,40140.0
1665010273,500,,Aggregated,13.600000,0.000000,31000,35000,37000,38000,41000,44000,47000,49000,53000,54000,54000,2367,0,31000.0,26795.150830233757,398.23267981410027,53865.057442337275,40140.0
1665010274,500,,Aggregated,13.600000,0.000000,31000,35000,37000,38000,41000,44000,47000,49000,53000,54000,54000,2385,0,31000.0,26856.27088200621,398.23267981410027,53865.057442337275,40140.0
1665010275,500,,Aggregated,13.200000,0.000000,31000,35000,37000,38000,41000,44000,47000,49000,53000,54000,54000,2403,0,31000.0,26930.284235967516,398.23267981410027,53865.057442337275,40140.0
1665010276,500,,Aggregated,13.200000,0.000000,31000,35000,37000,38000,41000,44000,47000,49000,53000,54000,54000,2405,0,31000.0,26934.525174822604,398.23267981410027,53865.057442337275,40140.0
1665010277,500,,Aggregated,13.400000,0.000000,31000,35000,37000,38000,41000,44000,47000,49000,53000,54000,54000,2428,0,31000.0,27014.191066579282,398.23267981410027,53865.057442337275,40140.0
1665010278,500,,Aggregated,14.000000,0.000000,31000,35000,37000,38000,41000,44000,47000,49000,53000,54000,54000,2452,0,31000.0,27087.315706593905,398.23267981410027,53865.057442337275,40140.0
1665010279,500,,Aggregated,14.000000,0.000000,31000,35000,37000,38000,41000,44000,47000,49000,53000,54000,54000,2452,0,31000.0,27087.315706593905,398.23267981410027,53865.057442337275,40140.0
1665010280,500,,Aggregated,13.700000,0.000000,31000,35000,37000,38000,42000,45000,47000,49000,54000,54000,54000,2468,0,31000.0,27144.9102426304,398.23267981410027,54028.98059040308,40140.0
1665010281,500,,Aggregated,14.200000,0.000000,31000,35000,37000,38000,42000,45000,47000,49000,54000,54000,54000,2488,0,31000.0,27200.251671323895,398.23267981410027,54028.98059040308,40140.0
1665010282,500,,Aggregated,14.200000,0.000000,31000,35000,37000,38000,42000,45000,47000,49000,54000,54000,54000,2488,0,31000.0,27200.251671323895,398.23267981410027,54028.98059040308,40140.0
1665010283,500,,Aggregated,14.400000,0.000000,31000,35000,37000,38000,42000,45000,47000,49000,54000,54000,54000,2517,0,31000.0,27296.93607722672,398.23267981410027,54028.98059040308,40140.0
1665010284,500,,Aggregated,14.400000,0.000000,32000,35000,37000,38000,42000,45000,47000,49000,54000,54000,54000,2536,0,32000.0,27344.384073610316,398.23267981410027,54028.98059040308,40140.0
1665010285,500,,Aggregated,14.400000,0.000000,32000,35000,37000,38000,42000,45000,47000,49000,54000,54000,54000,2536,0,32000.0,27344.384073610316,398.23267981410027,54028.98059040308,40140.0
1665010286,500,,Aggregated,14.300000,0.000000,32000,35000,37000,38000,42000,45000,47000,49000,54000,54000,54000,2551,0,32000.0,27392.985718841006,398.23267981410027,54028.98059040308,40140.0
1665010287,500,,Aggregated,13.900000,0.000000,32000,35000,37000,38000,42000,45000,47000,49000,54000,54000,54000,2577,0,32000.0,27462.543890958594,398.23267981410027,54028.98059040308,40140.0
1665010288,500,,Aggregated,13.900000,0.000000,32000,35000,37000,38000,42000,45000,47000,49000,54000,54000,54000,2577,0,32000.0,27462.543890958594,398.23267981410027,54028.98059040308,40140.0
1665010289,500,,Aggregated,13.400000,0.000000,32000,35000,37000,38000,42000,45000,47000,49000,54000,54000,54000,2593,0,32000.0,27495.546955092334,398.23267981410027,54028.98059040308,40140.0
1665010290,500,,Aggregated,14.000000,0.000000,32000,35000,37000,38000,42000,45000,47000,49000,54000,54000,54000,2615,0,32000.0,27568.601555253306,398.23267981410027,54028.98059040308,40140.0
1665010291,500,,Aggregated,14.000000,0.000000,32000,35000,37000,38000,42000,45000,47000,49000,54000,54000,54000,2615,0,32000.0,27568.601555253306,398.23267981410027,54028.98059040308,40140.0
1665010292,500,,Aggregated,14.400000,0.000000,32000,35000,37000,38000,42000,45000,47000,49000,54000,54000,54000,2636,0,32000.0,27615.983295894606,398.23267981410027,54028.98059040308,40140.0
1665010293,500,,Aggregated,13.500000,0.000000,32000,35000,37000,38000,42000,45000,47000,49000,54000,54000,54000,2660,0,32000.0,27707.76668503124,398.23267981410027,54028.98059040308,40140.0
1665010294,500,,Aggregated,13.500000,0.000000,32000,35000,37000,38000,42000,45000,47000,49000,54000,54000,54000,2660,0,32000.0,27707.76668503124,398.23267981410027,54028.98059040308,40140.0
1665010295,500,,Aggregated,14.100000,0.000000,32000,35000,37000,38000,42000,45000,47000,50000,54000,54000,54000,2679,0,32000.0,27752.071434671576,398.23267981410027,54138.6782117188,40140.0
1665010296,500,,Aggregated,13.500000,0.000000,32000,35000,37000,38000,42000,45000,47000,50000,54000,54000,54000,2703,0,32000.0,27809.83609854734,398.23267981410027,54138.6782117188,40140.0
1665010297,500,,Aggregated,13.500000,0.000000,32000,35000,37000,38000,42000,45000,47000,50000,54000,54000,54000,2703,0,32000.0,27809.83609854734,398.23267981410027,54138.6782117188,40140.0
1665010298,500,,Aggregated,13.300000,0.000000,32000,35000,37000,38000,42000,45000,47000,50000,54000,54000,54000,2717,0,32000.0,27848.839611146854,398.23267981410027,54138.6782117188,40140.0
1665010299,500,,Aggregated,14.600000,0.000000,32000,35000,37000,38000,42000,45000,47000,50000,54000,54000,54000,2746,0,32000.0,27928.49841142902,398.23267981410027,54138.6782117188,40140.0
1665010300,500,,Aggregated,14.600000,0.000000,32000,35000,37000,38000,42000,45000,47000,50000,54000,54000,54000,2746,0,32000.0,27928.49841142902,398.23267981410027,54138.6782117188,40140.0
1665010301,500,,Aggregated,13.800000,0.000000,32000,35000,37000,38000,42000,45000,47000,50000,54000,54000,54000,2765,0,32000.0,27968.267558618812,398.23267981410027,54138.6782117188,40140.0
1665010302,500,,Aggregated,14.100000,0.000000,32000,35000,37000,38000,42000,45000,48000,50000,54000,54000,54000,2782,0,32000.0,28015.55055186774,398.23267981410027,54138.6782117188,40140.0
1665010303,500,,Aggregated,14.200000,0.000000,32000,35000,37000,38000,42000,45000,48000,50000,54000,54000,54000,2787,0,32000.0,28030.53851516942,398.23267981410027,54138.6782117188,40140.0
1665010304,500,,Aggregated,14.300000,0.000000,32000,35000,37000,38000,42000,45000,48000,50000,54000,54000,54000,2808,0,32000.0,28074.321757370548,398.23267981410027,54138.6782117188,40140.0
1665010305,500,,Aggregated,13.300000,0.000000,32000,35000,37000,38000,42000,45000,48000,50000,54000,54000,54000,2826,0,32000.0,28124.006839989772,398.23267981410027,54138.6782117188,40140.0
1665010306,500,,Aggregated,13.500000,0.000000,32000,35000,37000,38000,42000,45000,48000,50000,54000,54000,54000,2832,0,32000.0,28136.76687368155,398.23267981410027,54138.6782117188,40140.0
1665010307,500,,Aggregated,14.500000,0.000000,32000,35000,37000,38000,42000,45000,48000,50000,54000,54000,54000,2843,0,32000.0,28157.021237826193,398.23267981410027,54138.6782117188,40140.0
1665010308,500,,Aggregated,14.200000,0.000000,32000,35000,37000,38000,42000,45000,48000,50000,54000,54000,54000,2869,0,32000.0,28219.475421131323,398.23267981410027,54138.6782117188,40140.0
1665010309,500,,Aggregated,14.200000,0.000000,32000,35000,37000,38000,42000,45000,48000,50000,54000,54000,54000,2873,0,32000.0,28234.137455012497,398.23267981410027,54138.6782117188,40140.0
1665010310,500,,Aggregated,13.600000,0.000000,32000,35000,37000,38000,42000,45000,48000,50000,54000,54000,54000,2886,0,32000.0,28258.950208493832,398.23267981410027,54138.6782117188,40140.0
1665010311,500,,Aggregated,14.500000,0.000000,32000,35000,37000,38000,42000,45000,48000,50000,54000,54000,54000,2905,0,32000.0,28297.79456913112,398.23267981410027,54138.6782117188,40140.0
1665010312,500,,Aggregated,14.500000,0.000000,32000,35000,37000,38000,42000,45000,48000,50000,54000,54000,54000,2913,0,32000.0,28322.0244364022,398.23267981410027,54138.6782117188,40140.0
1665010313,500,,Aggregated,14.200000,0.000000,32000,35000,37000,38000,42000,45000,48000,50000,54000,54000,54000,2928,0,32000.0,28343.802304457506,398.23267981410027,54138.6782117188,40140.0
1665010314,500,,Aggregated,14.200000,0.000000,32000,35000,37000,38000,42000,45000,48000,50000,54000,54000,54000,2946,0,32000.0,28377.584350280824,398.23267981410027,54138.6782117188,40140.0
1665010315,500,,Aggregated,13.800000,0.000000,32000,35000,37000,38000,42000,45000,48000,50000,54000,54000,54000,2958,0,32000.0,28400.031275664373,398.23267981410027,54138.6782117188,40140.0
1665010316,500,,Aggregated,13.800000,0.000000,32000,35000,37000,38000,42000,45000,48000,50000,54000,54000,54000,2975,0,32000.0,28435.853819502754,398.23267981410027,54138.6782117188,40140.0
1665010317,500,,Aggregated,13.800000,0.000000,32000,35000,37000,38000,42000,45000,48000,50000,54000,54000,54000,2986,0,32000.0,28454.16153048035,398.23267981410027,54138.6782117188,40140.0
1665010318,500,,Aggregated,13.800000,0.000000,32000,35000,37000,38000,42000,45000,48000,50000,54000,54000,54000,2996,0,32000.0,28470.391196890105,398.23267981410027,54138.6782117188,40140.0
1665010319,500,,Aggregated,13.500000,0.000000,32000,35000,37000,38000,42000,45000,48000,50000,54000,54000,54000,3021,0,32000.0,28516.554087857927,398.23267981410027,54138.6782117188,40140.0
1665010320,500,,Aggregated,14.200000,0.000000,32000,35000,37000,38000,42000,45000,48000,50000,54000,54000,54000,3029,0,32000.0,28533.357510860355,398.23267981410027,54138.6782117188,40140.0
1665010321,500,,Aggregated,14.200000,0.000000,32000,35000,37000,38000,42000,45000,48000,50000,54000,54000,54000,3040,0,32000.0,28553.109225320728,398.23267981410027,54138.6782117188,40140.0
1665010322,500,,Aggregated,13.700000,0.000000,32000,35000,37000,38000,42000,45000,49000,50000,54000,54000,54000,3063,0,32000.0,28607.003595870945,398.23267981410027,54138.6782117188,40140.0
1665010323,500,,Aggregated,13.700000,0.000000,32000,35000,37000,38000,42000,45000,49000,50000,54000,54000,54000,3067,0,32000.0,28607.78062029784,398.23267981410027,54138.6782117188,40140.0
1665010324,500,,Aggregated,14.000000,0.000000,32000,35000,37000,38000,42000,45000,49000,50000,54000,54000,54000,3077,0,32000.0,28626.077826660603,398.23267981410027,54138.6782117188,40140.0
1665010325,500,,Aggregated,13.900000,0.000000,32000,35000,37000,38000,42000,45000,49000,50000,54000,54000,54000,3097,0,32000.0,28652.9840592236,398.23267981410027,54138.6782117188,40140.0
1665010326,500,,Aggregated,13.500000,0.000000,32000,35000,37000,38000,42000,45000,49000,50000,54000,54000,54000,3111,0,32000.0,28672.162350808423,398.23267981410027,54138.6782117188,40140.0
1665010327,500,,Aggregated,13.600000,0.000000,32000,35000,37000,38000,42000,45000,49000,50000,54000,54000,54000,3125,0,32000.0,28703.335447609425,398.23267981410027,54138.6782117188,40140.0
1665010328,500,,Aggregated,13.500000,0.000000,32000,35000,37000,38000,42000,45000,49000,50000,54000,55000,55000,3144,0,32000.0,28735.866769807028,398.23267981410027,55431.64965137839,40140.0
1665010329,500,,Aggregated,13.500000,0.000000,32000,35000,37000,38000,42000,45000,49000,50000,54000,55000,55000,3146,0,32000.0,28745.861070785963,398.23267981410027,55431.64965137839,40140.0
1665010330,500,,Aggregated,13.800000,0.000000,32000,35000,37000,38000,42000,45000,49000,50000,54000,55000,55000,3171,0,32000.0,28780.044053000103,398.23267981410027,55431.64965137839,40140.0
1665010331,500,,Aggregated,13.900000,0.000000,32000,35000,37000,38000,42000,45000,49000,50000,54000,55000,55000,3183,0,32000.0,28804.347460961337,398.23267981410027,55431.64965137839,40140.0
1665010332,500,,Aggregated,14.300000,0.000000,32000,35000,37000,38000,42000,45000,49000,50000,54000,55000,55000,3192,0,32000.0,28816.618525912112,398.23267981410027,55431.64965137839,40140.0
1665010333,500,,Aggregated,13.400000,0.000000,32000,35000,37000,38000,42000,45000,49000,50000,54000,55000,55000,3207,0,32000.0,28835.58993803533,398.23267981410027,55431.64965137839,40140.0
1665010334,500,,Aggregated,13.500000,0.000000,32000,35000,37000,38000,42000,45000,49000,50000,54000,55000,55000,3213,0,32000.0,28840.83846717646,398.23267981410027,55431.64965137839,40140.0
1665010335,500,,Aggregated,13.500000,0.100000,32000,35000,37000,38000,42000,45000,49000,50000,54000,56000,56000,3237,1,32000.0,28892.653311270464,398.23267981410027,55832.39841833711,40127.616002471426
1665010336,500,,Aggregated,13.500000,0.100000,32000,35000,37000,38000,42000,45000,49000,51000,54000,57000,57000,3254,2,32000.0,28921.746069910012,398.23267981410027,57286.581583321095,40115.36140135218
1665010337,500,,Aggregated,14.000000,0.200000,32000,35000,37000,38000,42000,45000,49000,51000,54000,57000,57000,3262,2,32000.0,28932.449812859817,398.23267981410027,57286.581583321095,40115.42182709994
1665010338,500,,Aggregated,13.800000,0.200000,32000,35000,37000,38000,42000,45000,49000,51000,55000,58000,58000,3274,3,32000.0,28954.14273937733,398.23267981410027,58010.488640517,40103.26786805131
1665010339,500,,Aggregated,14.400000,0.300000,32000,35000,37000,38000,42000,46000,49000,51000,55000,58000,58000,3296,3,32000.0,28991.700326343456,398.23267981410027,58010.488640517,40103.5130461165
1665010340,500,,Aggregated,13.700000,0.300000,32000,35000,37000,38000,42000,46000,49000,51000,56000,59000,59000,3305,4,32000.0,29009.43681148646,398.23267981410027,59459.53197032213,40091.48320726173
1665010341,500,,Aggregated,13.700000,0.300000,32000,35000,37000,38000,42000,46000,49000,51000,56000,59000,59000,3317,4,32000.0,29035.27824358522,398.23267981410027,59459.53197032213,40091.65872776605
1665010342,500,,Aggregated,13.800000,0.400000,32000,35000,37000,38000,42000,46000,49000,51000,56000,59000,59000,3333,4,32000.0,29052.07321724214,398.23267981410027,59459.53197032213,40091.890789078905
1665010343,500,,Aggregated,14.000000,0.400000,32000,35000,37000,38000,42000,46000,49000,51000,56000,59000,59000,3343,4,32000.0,29065.678050677478,398.23267981410027,59459.53197032213,40092.03469937182
1665010344,500,,Aggregated,13.600000,0.400000,32000,35000,37000,38000,42000,46000,49000,51000,57000,62000,62000,3362,5,32000.0,29099.640518890064,398.23267981410027,62404.74024042487,40080.38221296847
1665010345,500,,Aggregated,13.600000,0.400000,32000,35000,37000,38000,42000,46000,49000,51000,57000,62000,62000,3378,5,32000.0,29119.768566658742,398.23267981410027,62404.74024042487,40080.66459443458
1665010346,500,,Aggregated,13.800000,0.500000,32000,35000,37000,38000,42000,46000,49000,51000,58000,62000,62000,3388,6,32000.0,29142.12733767531,398.23267981410027,62404.74024042487,40069.007674144035
1665010347,500,,Aggregated,13.500000,0.400000,32000,35000,37000,38000,42000,46000,49000,51000,59000,62000,62000,3404,7,32000.0,29164.83671568798,398.23267981410027,62404.74024042487,40057.56492361927
1665010348,500,,Aggregated,14.000000,0.500000,32000,35000,37000,38000,42000,46000,49000,51000,59000,62000,62000,3417,7,32000.0,29180.66259614528,398.23267981410027,62404.74024042487,40057.8785484343
1665010349,500,,Aggregated,13.500000,0.400000,32000,35000,37000,38000,42000,46000,49000,51000,59000,62000,62000,3428,7,32000.0,29188.042949207014,398.23267981410027,62404.74024042487,40058.142065344226
1665010350,500,,Aggregated,13.700000,0.400000,32000,35000,37000,38000,42000,46000,49000,51000,60000,62000,62000,3443,8,32000.0,29217.014622638955,398.23267981410027,62404.74024042487,40046.85564914319
1665010351,500,,Aggregated,13.700000,0.400000,32000,35000,37000,38000,42000,46000,49000,51000,60000,62000,62000,3456,8,32000.0,29237.628990676494,398.23267981410027,62404.74024042487,40047.20601851852
1665010352,500,,Aggregated,13.700000,0.400000,32000,35000,37000,38000,42000,46000,49000,51000,60000,62000,62000,3463,8,32000.0,29242.831020582376,398.23267981410027,62404.74024042487,40047.39358937337
1665010353,500,,Aggregated,14.000000,0.500000,32000,35000,37000,38000,43000,46000,49000,52000,60000,62000,62000,3487,10,32000.0,29283.887844985704,398.23267981410027,62404.74024042487,40025.03871522799
1665010354,500,,Aggregated,13.700000,0.400000,32000,35000,37000,38000,43000,46000,49000,52000,60000,62000,62000,3499,10,32000.0,29305.18478722181,398.23267981410027,62404.74024042487,40025.43298085167
1665010355,500,,Aggregated,13.900000,0.600000,32000,35000,37000,38000,43000,46000,49000,52000,61000,62000,62000,3515,12,32000.0,29332.75090295233,398.23267981410027,62404.74024042487,40003.1453769559
1665010356,500,,Aggregated,14.000000,0.600000,32000,35000,37000,38000,43000,46000,49000,52000,61000,62000,62000,3530,12,32000.0,29346.47748251327,398.23267981410027,62404.74024042487,40003.7269121813
1665010357,500,,Aggregated,13.900000,0.600000,32000,35000,37000,38000,43000,46000,49000,52000,61000,62000,62000,3551,13,32000.0,29372.730095454568,398.23267981410027,62404.74024042487,39993.2438749648
1665010358,500,,Aggregated,14.000000,0.600000,32000,35000,37000,38000,43000,46000,49000,52000,61000,62000,62000,3563,13,32000.0,29382.808517576846,398.23267981410027,62404.74024042487,39993.73814201516
1665010359,500,,Aggregated,14.000000,0.600000,32000,35000,37000,38000,43000,46000,50000,52000,61000,62000,62000,3570,15,32000.0,29413.536257111056,398.23267981410027,62404.74024042487,39971.56722689076
1665010360,500,,Aggregated,13.800000,0.700000,32000,35000,37000,38000,43000,46000,50000,52000,61000,62000,62000,3581,15,32000.0,29431.27052337493,398.23267981410027,62404.74024042487,39972.084613236526
1665010361,500,,Aggregated,14.200000,0.700000,32000,35000,37000,38000,43000,46000,50000,52000,61000,62000,62000,3600,16,32000.0,29456.191680730422,398.23267981410027,62404.74024042487,39961.83555555555
1665010362,500,,Aggregated,13.900000,0.700000,32000,35000,37000,38000,43000,46000,50000,52000,61000,62000,62000,3615,16,32000.0,29485.42076809484,398.23267981410027,62404.74024042487,39962.57482710927
1665010363,500,,Aggregated,14.100000,0.600000,32000,35000,37000,38000,43000,46000,50000,52000,61000,62000,62000,3626,16,32000.0,29500.86089197014,398.23267981410027,62404.74024042487,39963.11307225593
1665010364,500,,Aggregated,13.800000,0.700000,32000,35000,37000,38000,43000,46000,50000,52000,61000,62000,62000,3638,17,32000.0,29522.53352919488,398.23267981410027,62404.74024042487,39952.67757009346
1665010365,500,,Aggregated,13.800000,0.700000,32000,35000,37000,38000,43000,46000,50000,52000,61000,62000,62000,3653,17,32000.0,29537.549584969376,398.23267981410027,62404.74024042487,39953.44675609088
1665010366,500,,Aggregated,13.800000,0.600000,32000,35000,37000,38000,43000,46000,50000,52000,61000,62000,62000,3664,17,32000.0,29549.155858380916,398.23267981410027,62404.74024042487,39954.006823144104
1665010367,500,,Aggregated,14.000000,0.500000,32000,35000,37000,38000,43000,46000,50000,53000,61000,62000,62000,3680,17,32000.0,29577.590318874496,398.23267981410027,62404.74024042487,39954.81548913044
1665010368,500,,Aggregated,13.600000,0.500000,32000,35000,37000,38000,43000,46000,50000,53000,61000,62000,62000,3696,18,32000.0,29596.16903191154,398.23267981410027,62404.74024042487,39944.771103896106
1665010369,500,,Aggregated,13.600000,0.500000,32000,35000,37000,38000,43000,46000,50000,53000,61000,65000,65000,3700,19,32000.0,29611.07810758457,398.23267981410027,64801.690846681595,39934.14783783784
1665010370,500,,Aggregated,13.900000,0.400000,32000,35000,37000,38000,43000,46000,50000,53000,61000,65000,65000,3720,19,32000.0,29632.711120655822,398.23267981410027,64801.690846681595,39935.25456989247
1665010371,500,,Aggregated,13.900000,0.400000,32000,35000,37000,38000,43000,47000,50000,53000,62000,65000,65000,3739,20,32000.0,29674.094082967473,398.23267981410027,64900.77804028988,39925.57368280289
1665010372,500,,Aggregated,13.800000,0.400000,32000,35000,37000,38000,43000,47000,50000,53000,62000,65000,65000,3747,20,32000.0,29686.524517041806,398.23267981410027,64900.77804028988,39926.03149186016
1665010373,500,,Aggregated,14.000000,0.500000,32000,35000,37000,38000,43000,47000,50000,53000,62000,65000,65000,3769,20,32000.0,29712.88217630847,398.23267981410027,64900.77804028988,39927.28044574158
1665010374,500,,Aggregated,14.200000,0.400000,32000,34000,37000,38000,43000,47000,50000,53000,62000,65000,65000,3788,20,32000.0,29738.259459018645,398.23267981410027,64900.77804028988,39928.34741288279
1665010375,500,,Aggregated,14.200000,0.400000,32000,34000,37000,38000,43000,47000,50000,53000,62000,65000,65000,3791,20,32000.0,29739.943389600256,398.23267981410027,64900.77804028988,39928.51490371933
1665010376,500,,Aggregated,13.900000,0.400000,32000,35000,37000,38000,43000,47000,50000,53000,62000,65000,65000,3808,21,32000.0,29773.68965032393,398.23267981410027,64900.77804028988,39918.93198529412
1665010377,500,,Aggregated,14.200000,0.400000,32000,35000,37000,38000,43000,47000,50000,53000,62000,65000,65000,3826,21,32000.0,29798.585575493613,398.23267981410027,64900.77804028988,39919.972033455306
1665010378,500,,Aggregated,14.200000,0.400000,32000,35000,37000,38000,43000,47000,50000,53000,62000,65000,65000,3834,21,32000.0,29806.27462507192,398.23267981410027,64900.77804028988,39920.431142410016
1665010379,500,,Aggregated,14.300000,0.300000,32000,35000,37000,38000,43000,47000,50000,53000,62000,65000,65000,3849,21,32000.0,29822.086568067185,398.23267981410027,64900.77804028988,39921.28682774747
1665010380,500,,Aggregated,13.800000,0.300000,32000,34000,37000,38000,43000,47000,51000,54000,62000,65000,65000,3865,21,32000.0,29846.46884305029,398.23267981410027,64900.77804028988,39922.19223803363
1665010381,500,,Aggregated,14.400000,0.200000,32000,35000,37000,38000,43000,47000,51000,54000,62000,65000,65000,3874,21,32000.0,29862.73494405623,398.23267981410027,64900.77804028988,39922.698244708314
1665010382,500,,Aggregated,14.000000,0.200000,32000,34000,37000,38000,43000,47000,51000,54000,62000,65000,65000,3897,21,32000.0,29884.618970356387,398.23267981410027,64900.77804028988,39923.980754426484
1665010383,500,,Aggregated,13.800000,0.100000,32000,34000,37000,38000,43000,47000,51000,54000,62000,65000,65000,3909,21,32000.0,29901.676799065128,398.23267981410027,64900.77804028988,39924.64389869532
1665010384,500,,Aggregated,14.000000,0.100000,32000,34000,37000,38000,43000,47000,51000,54000,62000,65000,65000,3921,21,32000.0,29917.35967672987,398.23267981410027,64900.77804028988,39925.30298393267
1665010385,500,,Aggregated,13.900000,0.100000,32000,34000,37000,38000,43000,47000,51000,54000,62000,65000,65000,3943,22,32000.0,29941.559278075765,398.23267981410027,64900.77804028988,39916.33426325133
1665010386,500,,Aggregated,14.200000,0.000000,32000,34000,37000,38000,43000,47000,51000,54000,62000,65000,65000,3958,22,32000.0,29959.375570189844,398.23267981410027,64900.77804028988,39917.18191005558
1665010387,500,,Aggregated,14.200000,0.000000,32000,34000,37000,38000,43000,47000,51000,54000,62000,65000,65000,3961,22,32000.0,29962.574974185845,398.23267981410027,64900.77804028988,39917.35066902298
1665010388,500,,Aggregated,13.600000,0.000000,32000,34000,37000,38000,43000,47000,51000,54000,62000,65000,65000,3972,23,32000.0,29982.875017873186,398.23267981410027,64900.77804028988,39907.87487411883
1665010389,500,,Aggregated,13.900000,0.200000,32000,34000,37000,38000,43000,47000,51000,54000,62000,65000,65000,3991,23,32000.0,30003.559134043688,398.23267981410027,64900.77804028988,39908.979954898525
1665010390,500,,Aggregated,13.900000,0.200000,32000,34000,37000,38000,43000,47000,51000,54000,62000,65000,65000,3993,23,32000.0,30002.912077139397,398.23267981410027,64900.77804028988,39909.09566741798
1665010391,500,,Aggregated,14.300000,0.200000,32000,34000,37000,38000,43000,47000,51000,54000,61000,65000,65000,4012,23,32000.0,30018.287702042013,398.23267981410027,64900.77804028988,39910.18918245264
1665010392,500,,Aggregated,14.400000,0.300000,32000,34000,37000,38000,43000,47000,51000,54000,61000,65000,65000,4034,24,32000.0,30041.45214595196,398.23267981410027,64900.77804028988,39901.50520575111
1665010393,500,,Aggregated,14.400000,0.300000,32000,34000,37000,38000,43000,47000,51000,54000,61000,65000,65000,4041,24,32000.0,30053.071703470505,398.23267981410027,64900.77804028988,39901.91833704529
1665010394,500,,Aggregated,14.100000,0.400000,32000,34000,37000,38000,43000,47000,51000,54000,61000,65000,65000,4058,25,32000.0,30070.839738557752,398.23267981410027,64900.77804028988,39893.0372104485
1665010395,500,,Aggregated,13.900000,0.400000,32000,34000,37000,38000,43000,47000,51000,54000,61000,65000,65000,4074,25,32000.0,30091.207870342125,398.23267981410027,64900.77804028988,39894.007118311245
1665010396,50,,Aggregated,13.600000,0.500000,32000,34000,37000,38000,43000,47000,51000,54000,61000,65000,65000,4097,26,32000.0,30115.956718564463,398.23267981410027,64900.77804028988,39885.60361239932
